Output Layer:
0.946 0.997 -0.420 -0.634 -7.121 -4.033 -3.419 6.067 -6.562 -2.493
-0.666 -10.383 -4.881 -4.334 -1.445 0.245 -1.302 -2.100 5.874 0.752
-4.628 4.528 3.720 -0.750 0.163 -3.514 0.474 -9.689 -3.496 -3.656
0.612 -6.988 -2.398 0.478 1.189 -1.823 2.747 -4.388 -11.111 2.658
-0.635 9.567 -7.408 -3.857 -1.814 -1.817 -4.127 -1.488 3.327 -4.278
-4.744 0.403 1.213 2.975 2.598 -8.439 -5.015 4.096 -3.066 -4.118
2.348 7.852 0.094 -0.493 -1.165 -3.990 -8.287 -8.212 -7.228 -2.786
-4.243 2.275 4.386 -9.544 1.684 4.492 -4.767 1.499 -3.294 -4.065
0.277 2.350 -6.675 -3.564 4.104 -2.172 -7.281 -6.523 -4.277 1.742
Layer 1:
-3.643 -2.679 0.960 4.512
16.866 -10.563 -3.016 -1.422
12.232 -1.091 -6.751 -3.988
0.706 5.082 -10.603 0.912
0.983 7.266 -0.445 -3.322
1.586 -7.782 6.667 -1.885
-6.163 13.221 -5.146 -2.817
12.266 -12.910 2.786 -3.466
-5.191 -7.332 13.347 -1.288
